[ 0.21  0.02  0.    0.    0.    0.    0.    0.    0.    0.    0.02  0.02
  0.08  0.    0.    0.    0.    0.02  0.    0.02  0.04  0.    0.    0.02
  0.    0.    0.    0.    0.    0.    0.    0.    0.    0.    0.    0.
  0.06  0.02  0.    0.02  0.06  0.02  0.    0.    0.    0.    0.    0.    0.
  0.    0.    0.02  0.    0.    0.    0.04  0.    0.    0.06  0.04  0.    0.
  0.    0.    0.    0.02  0.    0.    0.    0.    0.    0.04  0.    0.02
  0.    0.    0.    0.    0.    0.    0.    0.    0.    0.    0.    0.04
  0.    0.02  0.    0.    0.02  0.02  0.    0.    0.    0.    0.    0.    0.
  0.  ]
[ 0.    0.2   0.04  0.    0.    0.    0.04  0.    0.    0.    0.    0.
  0.04  0.04  0.    0.02  0.    0.    0.    0.    0.04  0.04  0.    0.
  0.02  0.    0.    0.    0.    0.    0.07  0.09  0.02  0.    0.    0.02
  0.    0.    0.    0.    0.02  0.    0.    0.    0.    0.    0.    0.
  0.02  0.    0.    0.    0.    0.02  0.02  0.    0.    0.    0.    0.    0.
  0.    0.    0.02  0.    0.    0.    0.02  0.    0.04  0.    0.    0.    0.
  0.02  0.    0.    0.02  0.    0.    0.02  0.02  0.    0.    0.    0.    0.
  0.    0.    0.02  0.    0.    0.    0.    0.02  0.    0.    0.    0.    0.  ]
[ 0.08  0.    0.14  0.    0.06  0.02  0.04  0.    0.    0.    0.    0.
  0.04  0.    0.    0.    0.    0.    0.04  0.    0.    0.04  0.    0.06
  0.    0.    0.    0.    0.    0.    0.    0.    0.    0.    0.    0.    0.
  0.    0.    0.    0.    0.    0.    0.    0.    0.    0.    0.    0.04
  0.    0.    0.    0.    0.    0.    0.04  0.    0.02  0.    0.    0.    0.
  0.08  0.    0.06  0.    0.    0.02  0.    0.04  0.    0.    0.    0.06
  0.02  0.    0.    0.    0.    0.    0.    0.    0.    0.02  0.    0.    0.
  0.    0.    0.04  0.    0.    0.    0.    0.    0.    0.    0.04  0.    0.  ]
[ 0.    0.02  0.02  0.26  0.    0.    0.02  0.    0.    0.    0.02  0.08
  0.    0.    0.    0.02  0.02  0.    0.    0.    0.    0.    0.    0.    0.
  0.    0.02  0.    0.    0.    0.    0.    0.    0.    0.02  0.02  0.    0.
  0.    0.    0.    0.02  0.    0.02  0.    0.04  0.    0.02  0.04  0.    0.
  0.    0.    0.    0.02  0.    0.    0.    0.    0.    0.    0.    0.    0.
  0.04  0.    0.    0.    0.    0.04  0.    0.    0.    0.06  0.    0.
  0.04  0.    0.    0.    0.    0.    0.02  0.    0.    0.    0.02  0.    0.
  0.04  0.    0.02  0.    0.    0.    0.04  0.    0.    0.    0.  ]
[ 0.    0.06  0.04  0.    0.37  0.04  0.04  0.    0.    0.    0.    0.    0.
  0.    0.    0.    0.    0.04  0.    0.    0.    0.    0.02  0.    0.    0.
  0.    0.    0.    0.    0.    0.02  0.    0.    0.    0.    0.02  0.    0.
  0.    0.    0.    0.    0.    0.    0.    0.    0.    0.    0.    0.    0.
  0.    0.    0.    0.    0.    0.    0.06  0.02  0.    0.    0.1   0.06
  0.    0.02  0.02  0.    0.    0.    0.    0.    0.02  0.    0.    0.    0.
  0.    0.    0.    0.    0.    0.    0.    0.02  0.    0.    0.02  0.    0.
  0.    0.    0.    0.    0.    0.    0.    0.    0.    0.  ]
[ 0.04  0.    0.    0.    0.1   0.18  0.    0.    0.    0.    0.02  0.
  0.02  0.    0.02  0.    0.    0.    0.    0.04  0.    0.    0.02  0.    0.
  0.    0.06  0.    0.    0.    0.    0.    0.    0.    0.    0.    0.02
  0.    0.    0.    0.04  0.02  0.02  0.02  0.    0.    0.    0.    0.    0.
  0.    0.    0.    0.    0.    0.04  0.02  0.    0.    0.02  0.    0.04
  0.06  0.02  0.02  0.02  0.02  0.    0.    0.    0.    0.    0.02  0.    0.
  0.    0.    0.    0.    0.02  0.    0.    0.    0.    0.    0.02  0.
  0.02  0.    0.    0.    0.02  0.    0.    0.    0.    0.    0.02  0.    0.  ]
[ 0.    0.    0.    0.    0.    0.02  0.15  0.02  0.    0.    0.    0.
  0.02  0.02  0.    0.04  0.    0.    0.    0.    0.    0.    0.    0.    0.
  0.    0.02  0.    0.    0.    0.04  0.04  0.02  0.    0.    0.    0.    0.
  0.    0.    0.04  0.    0.    0.04  0.    0.    0.    0.    0.    0.    0.
  0.    0.    0.    0.    0.    0.02  0.04  0.    0.07  0.    0.    0.02
  0.    0.    0.02  0.    0.    0.    0.02  0.04  0.02  0.    0.    0.    0.
  0.    0.    0.    0.    0.    0.09  0.    0.    0.02  0.    0.02  0.04
  0.    0.    0.02  0.02  0.    0.    0.    0.    0.    0.    0.02  0.  ]
[ 0.02  0.    0.    0.    0.    0.    0.02  0.08  0.    0.    0.    0.    0.
  0.04  0.    0.    0.    0.    0.02  0.    0.    0.    0.    0.    0.04
  0.02  0.02  0.    0.02  0.    0.02  0.    0.08  0.    0.02  0.02  0.
  0.04  0.    0.06  0.    0.    0.    0.02  0.    0.    0.02  0.    0.
  0.02  0.    0.    0.    0.    0.    0.    0.08  0.    0.02  0.    0.02
  0.    0.    0.    0.02  0.    0.    0.    0.06  0.04  0.04  0.    0.    0.
  0.    0.    0.    0.    0.    0.    0.04  0.04  0.    0.    0.    0.    0.
  0.    0.02  0.    0.02  0.    0.    0.    0.02  0.    0.    0.    0.    0.  ]
[ 0.02  0.    0.    0.    0.    0.    0.02  0.    0.26  0.02  0.06  0.    0.
  0.02  0.    0.    0.02  0.    0.    0.    0.    0.    0.02  0.02  0.    0.
  0.02  0.04  0.    0.    0.    0.    0.    0.    0.    0.    0.    0.    0.
  0.    0.    0.02  0.    0.    0.02  0.    0.    0.02  0.    0.    0.02
  0.    0.    0.02  0.    0.06  0.    0.    0.    0.    0.    0.02  0.    0.
  0.    0.    0.02  0.    0.    0.    0.    0.02  0.04  0.    0.    0.    0.
  0.02  0.02  0.06  0.    0.02  0.    0.    0.    0.    0.02  0.    0.02
  0.    0.    0.02  0.    0.    0.    0.02  0.02  0.    0.    0.  ]
[ 0.    0.    0.    0.    0.    0.    0.    0.    0.    0.08  0.02  0.    0.
  0.02  0.04  0.    0.    0.    0.    0.04  0.    0.    0.    0.    0.02
  0.    0.    0.02  0.    0.02  0.    0.    0.    0.    0.02  0.02  0.    0.
  0.    0.04  0.    0.06  0.    0.    0.02  0.02  0.    0.    0.02  0.    0.
  0.02  0.02  0.    0.    0.02  0.    0.02  0.    0.    0.02  0.    0.    0.
  0.    0.02  0.    0.    0.    0.02  0.    0.    0.    0.    0.04  0.02
  0.02  0.    0.    0.02  0.02  0.02  0.    0.    0.    0.    0.    0.1   0.
  0.    0.02  0.04  0.02  0.    0.02  0.02  0.02  0.02  0.    0.  ]
[ 0.02  0.    0.    0.    0.    0.    0.    0.    0.08  0.1   0.16  0.02
  0.    0.    0.    0.    0.    0.    0.    0.06  0.    0.    0.    0.    0.
  0.    0.    0.    0.    0.    0.    0.    0.    0.    0.    0.    0.04
  0.02  0.    0.    0.    0.02  0.    0.02  0.02  0.    0.    0.02  0.    0.
  0.    0.02  0.02  0.02  0.    0.    0.    0.    0.    0.    0.    0.02
  0.02  0.    0.    0.    0.    0.    0.    0.    0.    0.04  0.06  0.02
  0.    0.    0.02  0.    0.    0.02  0.    0.    0.    0.    0.    0.    0.
  0.02  0.02  0.02  0.    0.02  0.    0.    0.08  0.    0.    0.    0.    0.  ]
[ 0.02  0.02  0.02  0.02  0.02  0.    0.    0.    0.    0.    0.    0.13
  0.    0.    0.    0.    0.    0.    0.02  0.    0.    0.02  0.    0.    0.
  0.    0.02  0.    0.04  0.    0.02  0.    0.    0.02  0.    0.04  0.02
  0.02  0.02  0.    0.    0.    0.04  0.02  0.    0.02  0.    0.04  0.02
  0.02  0.    0.02  0.    0.    0.02  0.    0.    0.    0.    0.    0.02
  0.    0.    0.02  0.    0.    0.    0.    0.    0.02  0.    0.    0.02
  0.    0.    0.02  0.    0.    0.    0.    0.04  0.    0.    0.02  0.    0.
  0.02  0.    0.    0.02  0.    0.    0.    0.02  0.    0.02  0.02  0.    0.
  0.  ]
[ 0.04  0.02  0.    0.    0.    0.06  0.    0.    0.02  0.    0.    0.
  0.17  0.    0.02  0.    0.    0.02  0.    0.04  0.    0.    0.02  0.06
  0.    0.    0.    0.    0.    0.    0.    0.    0.    0.    0.    0.
  0.02  0.    0.02  0.04  0.04  0.    0.    0.    0.    0.02  0.    0.    0.
  0.    0.    0.    0.    0.    0.    0.    0.    0.04  0.    0.02  0.02
  0.    0.    0.    0.    0.    0.    0.    0.02  0.    0.    0.02  0.04
  0.    0.02  0.    0.    0.    0.    0.    0.    0.02  0.    0.    0.02
  0.02  0.02  0.06  0.    0.    0.02  0.    0.    0.    0.    0.    0.    0.
  0.    0.  ]
[ 0.02  0.04  0.02  0.    0.    0.    0.02  0.    0.04  0.04  0.    0.    0.
  0.12  0.02  0.    0.    0.    0.    0.02  0.    0.    0.    0.    0.04
  0.02  0.04  0.    0.02  0.02  0.    0.    0.06  0.02  0.    0.    0.    0.
  0.    0.    0.    0.    0.    0.    0.    0.    0.    0.    0.    0.04
  0.    0.    0.    0.04  0.    0.02  0.02  0.    0.04  0.    0.    0.02
  0.    0.    0.    0.    0.    0.    0.    0.    0.02  0.    0.    0.    0.
  0.    0.    0.    0.02  0.02  0.    0.06  0.    0.    0.02  0.    0.    0.
  0.    0.    0.02  0.    0.02  0.    0.    0.02  0.02  0.    0.    0.02]
[ 0.    0.    0.    0.    0.    0.06  0.    0.    0.02  0.    0.    0.    0.
  0.04  0.18  0.    0.    0.    0.    0.02  0.08  0.    0.04  0.02  0.    0.
  0.04  0.    0.02  0.    0.    0.    0.    0.    0.    0.    0.    0.    0.
  0.04  0.    0.    0.    0.    0.04  0.02  0.    0.    0.    0.    0.02
  0.    0.    0.    0.    0.04  0.    0.    0.    0.    0.02  0.02  0.    0.
  0.    0.    0.02  0.    0.    0.    0.    0.04  0.    0.    0.    0.02
  0.    0.02  0.    0.02  0.    0.    0.    0.    0.    0.02  0.02  0.    0.
  0.    0.    0.08  0.02  0.    0.    0.    0.    0.    0.02  0.  ]
[ 0.    0.    0.    0.    0.02  0.    0.02  0.02  0.02  0.    0.    0.02
  0.    0.    0.02  0.23  0.02  0.    0.02  0.    0.02  0.    0.    0.
  0.04  0.    0.    0.    0.02  0.02  0.02  0.    0.02  0.08  0.    0.02
  0.    0.    0.02  0.    0.    0.    0.    0.02  0.    0.    0.    0.02
  0.    0.    0.02  0.    0.    0.    0.    0.    0.02  0.    0.    0.
  0.02  0.    0.    0.    0.    0.    0.    0.    0.    0.    0.02  0.    0.
  0.    0.    0.    0.    0.    0.    0.04  0.04  0.    0.02  0.    0.    0.
  0.    0.    0.04  0.    0.    0.    0.02  0.    0.    0.    0.    0.
  0.02  0.02]
[ 0.    0.    0.02  0.06  0.02  0.    0.02  0.    0.    0.    0.    0.02
  0.    0.02  0.02  0.    0.18  0.    0.04  0.    0.    0.02  0.    0.    0.
  0.    0.02  0.    0.    0.    0.    0.02  0.    0.04  0.02  0.08  0.02
  0.    0.    0.    0.    0.02  0.    0.    0.    0.    0.02  0.02  0.
  0.02  0.    0.04  0.04  0.02  0.    0.02  0.    0.    0.    0.    0.    0.
  0.    0.02  0.    0.    0.    0.02  0.02  0.    0.    0.    0.    0.    0.
  0.    0.    0.02  0.    0.    0.    0.    0.    0.02  0.02  0.    0.    0.
  0.02  0.    0.    0.    0.    0.    0.    0.02  0.    0.    0.    0.02]
[ 0.04  0.02  0.02  0.    0.    0.    0.    0.    0.    0.    0.02  0.02
  0.02  0.    0.    0.    0.    0.29  0.    0.04  0.02  0.    0.02  0.04
  0.    0.    0.    0.    0.    0.    0.    0.02  0.    0.    0.    0.02
  0.02  0.02  0.    0.    0.    0.    0.    0.02  0.    0.    0.    0.
  0.02  0.    0.    0.    0.    0.06  0.    0.    0.    0.    0.    0.    0.
  0.02  0.    0.    0.    0.04  0.    0.    0.    0.    0.    0.    0.04
  0.    0.    0.    0.    0.04  0.    0.    0.    0.    0.    0.02  0.    0.
  0.    0.02  0.    0.04  0.    0.    0.    0.    0.    0.    0.    0.02
  0.    0.  ]
[ 0.02  0.02  0.1   0.04  0.    0.    0.04  0.02  0.    0.    0.    0.02
  0.    0.    0.02  0.    0.    0.    0.35  0.    0.    0.    0.    0.02
  0.    0.    0.    0.    0.    0.    0.02  0.    0.    0.    0.02  0.    0.
  0.    0.    0.    0.02  0.    0.    0.    0.    0.    0.02  0.    0.    0.
  0.    0.    0.    0.    0.    0.    0.    0.    0.    0.    0.    0.    0.
  0.    0.1   0.    0.    0.04  0.    0.    0.    0.    0.    0.02  0.    0.
  0.    0.    0.    0.    0.02  0.    0.    0.    0.    0.04  0.    0.    0.
  0.    0.    0.    0.    0.    0.    0.    0.    0.02  0.02  0.  ]
[ 0.02  0.02  0.    0.    0.    0.02  0.    0.    0.    0.    0.    0.    0.
  0.    0.    0.    0.    0.19  0.    0.17  0.06  0.06  0.04  0.02  0.    0.
  0.    0.    0.    0.    0.    0.    0.    0.    0.    0.    0.    0.04
  0.    0.    0.02  0.    0.    0.    0.    0.02  0.    0.    0.    0.02
  0.    0.    0.    0.02  0.02  0.02  0.    0.    0.    0.    0.02  0.    0.
  0.    0.    0.04  0.    0.    0.    0.    0.    0.    0.    0.    0.02
  0.    0.    0.    0.    0.02  0.    0.    0.    0.    0.    0.    0.
  0.02  0.02  0.    0.    0.    0.    0.    0.    0.    0.02  0.    0.02
  0.02]
[ 0.04  0.    0.    0.    0.06  0.    0.    0.    0.02  0.    0.    0.    0.
  0.    0.    0.    0.    0.02  0.    0.02  0.24  0.02  0.    0.    0.    0.
  0.    0.02  0.    0.    0.    0.    0.    0.    0.    0.    0.04  0.    0.
  0.    0.04  0.    0.    0.    0.    0.    0.    0.    0.    0.02  0.02
  0.    0.    0.    0.    0.02  0.    0.    0.    0.    0.    0.04  0.02
  0.    0.    0.    0.08  0.    0.    0.    0.    0.02  0.06  0.    0.    0.
  0.02  0.    0.    0.    0.    0.    0.    0.    0.02  0.02  0.04  0.    0.
  0.    0.    0.    0.    0.02  0.    0.    0.06  0.    0.02  0.  ]
[ 0.    0.02  0.1   0.04  0.    0.    0.    0.    0.02  0.    0.    0.02
  0.    0.02  0.    0.    0.02  0.    0.    0.    0.    0.12  0.    0.04
  0.    0.    0.    0.    0.    0.    0.02  0.    0.    0.    0.04  0.02
  0.    0.    0.    0.    0.    0.    0.    0.    0.    0.    0.    0.    0.
  0.    0.02  0.    0.    0.    0.    0.    0.    0.02  0.    0.    0.
  0.04  0.    0.02  0.02  0.06  0.02  0.02  0.    0.    0.    0.    0.
  0.06  0.02  0.    0.    0.02  0.    0.    0.    0.    0.    0.1   0.
  0.02  0.02  0.    0.    0.    0.    0.    0.    0.    0.    0.02  0.    0.
  0.    0.  ]
[ 0.02  0.    0.    0.    0.02  0.    0.    0.    0.02  0.    0.    0.    0.
  0.    0.    0.    0.02  0.    0.02  0.    0.    0.02  0.18  0.02  0.    0.
  0.02  0.    0.    0.    0.    0.02  0.    0.    0.    0.02  0.    0.    0.
  0.    0.    0.02  0.    0.    0.    0.    0.    0.04  0.    0.    0.
  0.06  0.    0.    0.    0.    0.    0.02  0.    0.    0.04  0.04  0.02
  0.    0.    0.    0.1   0.    0.    0.    0.    0.02  0.    0.02  0.    0.
  0.    0.04  0.02  0.    0.    0.    0.02  0.    0.    0.02  0.    0.02
  0.    0.    0.    0.    0.    0.    0.    0.    0.02  0.    0.06  0.04]
[ 0.04  0.06  0.04  0.    0.    0.04  0.02  0.    0.    0.    0.    0.    0.
  0.    0.    0.    0.02  0.    0.    0.04  0.    0.04  0.04  0.04  0.    0.
  0.    0.    0.    0.    0.04  0.02  0.    0.    0.    0.    0.    0.    0.
  0.02  0.    0.    0.02  0.    0.    0.    0.    0.    0.    0.    0.    0.
  0.    0.    0.    0.04  0.    0.02  0.    0.02  0.    0.    0.06  0.06
  0.02  0.    0.02  0.02  0.02  0.    0.    0.    0.    0.    0.02  0.    0.
  0.    0.    0.    0.    0.    0.02  0.04  0.    0.02  0.    0.    0.    0.
  0.    0.    0.02  0.02  0.    0.    0.    0.04  0.    0.04]
[ 0.    0.    0.    0.    0.    0.    0.06  0.04  0.    0.    0.    0.    0.
  0.    0.    0.06  0.02  0.    0.    0.    0.    0.    0.    0.    0.36
  0.04  0.    0.    0.    0.    0.    0.    0.06  0.    0.    0.    0.
  0.04  0.    0.    0.    0.    0.    0.    0.    0.    0.    0.    0.02
  0.    0.    0.    0.    0.    0.    0.    0.06  0.    0.    0.    0.    0.
  0.    0.    0.    0.    0.    0.    0.06  0.06  0.06  0.    0.    0.    0.
  0.    0.    0.    0.    0.    0.    0.02  0.    0.    0.    0.    0.    0.
  0.    0.    0.04  0.    0.    0.    0.    0.    0.    0.    0.    0.  ]
[ 0.    0.02  0.    0.    0.    0.    0.02  0.    0.    0.02  0.    0.    0.
  0.02  0.    0.08  0.04  0.    0.    0.    0.    0.    0.02  0.    0.04
  0.06  0.    0.    0.    0.    0.    0.02  0.    0.04  0.06  0.    0.    0.
  0.02  0.    0.    0.    0.02  0.    0.    0.    0.    0.02  0.    0.    0.
  0.02  0.02  0.    0.    0.    0.    0.    0.    0.02  0.04  0.    0.    0.
  0.    0.    0.    0.02  0.02  0.02  0.04  0.    0.    0.    0.    0.    0.
  0.    0.    0.02  0.    0.    0.    0.    0.    0.    0.    0.    0.06
  0.    0.02  0.06  0.04  0.    0.02  0.    0.    0.02  0.    0.04]
[ 0.    0.06  0.02  0.    0.    0.    0.    0.    0.02  0.02  0.04  0.02
  0.    0.02  0.    0.    0.    0.    0.    0.    0.    0.    0.02  0.    0.
  0.    0.04  0.04  0.    0.02  0.04  0.    0.    0.    0.    0.    0.
  0.02  0.    0.    0.    0.02  0.02  0.02  0.02  0.02  0.02  0.06  0.02
  0.    0.    0.    0.    0.    0.    0.02  0.    0.    0.02  0.    0.    0.
  0.04  0.02  0.02  0.    0.02  0.    0.02  0.02  0.    0.02  0.02  0.
  0.04  0.02  0.02  0.    0.    0.02  0.    0.    0.    0.    0.    0.    0.
  0.    0.    0.02  0.    0.04  0.    0.    0.    0.    0.    0.02  0.
  0.02]
[ 0.02  0.    0.    0.    0.    0.    0.    0.    0.04  0.02  0.04  0.02
  0.    0.02  0.    0.    0.    0.    0.    0.    0.    0.    0.    0.    0.
  0.02  0.    0.19  0.08  0.02  0.    0.    0.    0.02  0.06  0.    0.02
  0.    0.    0.    0.    0.    0.02  0.    0.02  0.02  0.    0.04  0.
  0.02  0.02  0.    0.    0.02  0.    0.    0.    0.    0.    0.    0.    0.
  0.    0.    0.    0.    0.02  0.    0.    0.    0.    0.    0.    0.    0.
  0.    0.    0.02  0.    0.06  0.    0.    0.    0.    0.    0.    0.
  0.02  0.    0.    0.    0.    0.    0.    0.    0.08  0.04  0.    0.    0.  ]
[ 0.    0.    0.    0.    0.    0.    0.    0.02  0.    0.    0.02  0.    0.
  0.02  0.    0.1   0.02  0.    0.    0.02  0.    0.    0.    0.    0.    0.
  0.    0.    0.12  0.06  0.    0.    0.    0.04  0.    0.04  0.    0.02
  0.    0.    0.    0.    0.    0.02  0.02  0.    0.    0.    0.04  0.04
  0.    0.    0.02  0.    0.02  0.    0.    0.    0.    0.    0.    0.    0.
  0.    0.    0.    0.    0.    0.1   0.    0.    0.    0.    0.    0.
  0.02  0.    0.02  0.04  0.08  0.    0.    0.    0.02  0.    0.    0.    0.
  0.02  0.02  0.    0.    0.    0.    0.    0.02  0.    0.    0.    0.  ]
[ 0.    0.    0.04  0.    0.    0.    0.    0.02  0.    0.    0.    0.    0.
  0.    0.02  0.04  0.02  0.    0.    0.    0.    0.    0.    0.    0.    0.
  0.    0.    0.04  0.16  0.    0.02  0.02  0.04  0.02  0.02  0.    0.02
  0.    0.02  0.    0.    0.    0.02  0.    0.    0.02  0.    0.    0.
  0.02  0.    0.02  0.    0.02  0.    0.    0.    0.04  0.    0.    0.    0.
  0.    0.    0.02  0.    0.    0.04  0.    0.02  0.02  0.    0.02  0.
  0.04  0.    0.    0.    0.    0.1   0.02  0.    0.    0.    0.    0.    0.
  0.    0.    0.    0.02  0.02  0.    0.    0.    0.    0.02  0.    0.  ]
[ 0.02  0.04  0.02  0.02  0.04  0.    0.04  0.    0.    0.    0.    0.02
  0.    0.    0.02  0.    0.04  0.    0.02  0.    0.    0.02  0.02  0.04
  0.    0.    0.    0.02  0.    0.02  0.1   0.06  0.    0.    0.    0.    0.
  0.    0.    0.02  0.    0.02  0.    0.    0.    0.    0.    0.    0.    0.
  0.02  0.04  0.    0.    0.    0.    0.    0.02  0.    0.02  0.02  0.
  0.02  0.    0.    0.04  0.    0.    0.    0.02  0.    0.04  0.02  0.02
  0.    0.02  0.    0.    0.    0.    0.    0.    0.02  0.    0.    0.    0.
  0.    0.    0.    0.    0.    0.    0.    0.    0.    0.02  0.    0.02
  0.02]
[ 0.04  0.02  0.02  0.    0.    0.02  0.04  0.02  0.    0.    0.    0.    0.
  0.    0.    0.04  0.02  0.    0.    0.    0.    0.02  0.    0.    0.04
  0.02  0.    0.    0.    0.    0.    0.19  0.    0.1   0.    0.    0.    0.
  0.    0.    0.    0.    0.    0.    0.    0.02  0.    0.    0.    0.    0.
  0.    0.    0.    0.    0.    0.04  0.04  0.06  0.06  0.08  0.    0.
  0.02  0.    0.    0.    0.    0.    0.    0.    0.02  0.    0.    0.    0.
  0.    0.    0.    0.    0.    0.02  0.    0.    0.02  0.    0.    0.    0.
  0.    0.    0.    0.    0.    0.    0.    0.    0.    0.    0.  ]
[ 0.    0.02  0.    0.    0.    0.    0.02  0.06  0.    0.    0.04  0.02
  0.    0.    0.02  0.06  0.02  0.    0.    0.    0.    0.    0.    0.
  0.02  0.06  0.02  0.    0.    0.08  0.    0.02  0.14  0.02  0.    0.    0.
  0.    0.02  0.04  0.    0.    0.    0.    0.02  0.    0.02  0.    0.    0.
  0.    0.    0.    0.    0.    0.    0.02  0.    0.    0.    0.    0.    0.
  0.    0.    0.    0.    0.    0.02  0.    0.    0.    0.    0.    0.    0.
  0.02  0.    0.    0.    0.    0.1   0.02  0.    0.    0.    0.    0.
  0.02  0.02  0.02  0.    0.04  0.    0.    0.    0.    0.    0.    0.  ]
[ 0.    0.02  0.    0.    0.    0.02  0.02  0.06  0.    0.02  0.02  0.04
  0.02  0.    0.    0.08  0.04  0.    0.    0.    0.    0.    0.    0.
  0.02  0.04  0.    0.    0.02  0.1   0.    0.02  0.    0.1   0.06  0.02
  0.    0.    0.    0.    0.    0.    0.    0.    0.    0.    0.04  0.    0.
  0.02  0.    0.    0.    0.    0.    0.    0.    0.    0.    0.    0.02
  0.    0.    0.    0.    0.    0.    0.    0.02  0.    0.    0.02  0.    0.
  0.    0.    0.    0.02  0.02  0.    0.    0.    0.    0.    0.    0.    0.
  0.    0.    0.    0.    0.    0.    0.    0.02  0.04  0.02  0.    0.    0.  ]
[ 0.    0.    0.02  0.08  0.    0.    0.    0.04  0.    0.    0.    0.    0.
  0.    0.02  0.    0.02  0.02  0.    0.    0.    0.    0.02  0.    0.02
  0.02  0.06  0.02  0.04  0.08  0.    0.    0.02  0.02  0.12  0.02  0.
  0.02  0.    0.02  0.    0.    0.    0.    0.    0.02  0.04  0.    0.    0.
  0.    0.02  0.02  0.    0.    0.    0.02  0.    0.    0.    0.02  0.    0.
  0.    0.    0.    0.02  0.    0.02  0.02  0.02  0.    0.    0.    0.
  0.02  0.    0.    0.    0.    0.    0.    0.    0.    0.    0.    0.    0.
  0.    0.    0.02  0.    0.    0.    0.    0.    0.    0.04  0.    0.  ]
[ 0.    0.04  0.    0.02  0.    0.02  0.    0.    0.    0.    0.    0.12
  0.02  0.    0.    0.    0.    0.    0.    0.    0.    0.02  0.    0.04
  0.    0.    0.    0.    0.02  0.    0.    0.02  0.    0.02  0.    0.08
  0.    0.    0.    0.    0.    0.    0.    0.    0.    0.04  0.04  0.    0.
  0.04  0.    0.    0.    0.04  0.    0.04  0.    0.    0.    0.    0.
  0.02  0.04  0.02  0.    0.    0.    0.08  0.    0.02  0.    0.02  0.    0.
  0.02  0.    0.    0.    0.02  0.02  0.    0.02  0.    0.04  0.02  0.    0.
  0.    0.    0.    0.    0.    0.    0.    0.    0.02  0.    0.    0.    0.  ]
[ 0.02  0.    0.    0.    0.    0.02  0.    0.    0.02  0.    0.    0.02
  0.    0.    0.    0.    0.    0.08  0.    0.    0.06  0.    0.    0.    0.
  0.    0.    0.    0.04  0.02  0.    0.    0.    0.    0.    0.    0.26
  0.    0.    0.    0.    0.02  0.02  0.12  0.02  0.    0.    0.02  0.    0.
  0.    0.    0.    0.02  0.    0.    0.    0.    0.    0.    0.    0.    0.
  0.    0.    0.    0.    0.02  0.    0.    0.    0.04  0.02  0.02  0.02
  0.    0.    0.    0.02  0.02  0.    0.    0.    0.    0.    0.    0.
  0.04  0.    0.    0.    0.    0.    0.    0.    0.    0.02  0.02  0.    0.  ]
[ 0.04  0.    0.    0.    0.    0.    0.04  0.1   0.    0.    0.    0.02
  0.    0.02  0.    0.    0.    0.    0.02  0.02  0.    0.    0.    0.
  0.06  0.02  0.    0.04  0.04  0.08  0.    0.    0.04  0.    0.02  0.02
  0.    0.1   0.    0.04  0.    0.02  0.    0.    0.    0.    0.02  0.    0.
  0.02  0.    0.    0.    0.    0.02  0.    0.02  0.    0.    0.    0.
  0.02  0.    0.    0.    0.    0.    0.    0.    0.    0.    0.    0.    0.
  0.    0.    0.02  0.    0.    0.02  0.02  0.    0.    0.02  0.    0.    0.
  0.    0.    0.    0.04  0.    0.    0.    0.02  0.    0.    0.    0.    0.  ]
[ 0.02  0.    0.02  0.    0.    0.    0.    0.    0.    0.    0.    0.04
  0.02  0.02  0.    0.    0.02  0.02  0.    0.    0.    0.    0.    0.02
  0.    0.02  0.    0.    0.02  0.04  0.    0.    0.    0.08  0.    0.    0.
  0.    0.24  0.    0.    0.    0.    0.    0.    0.    0.    0.    0.
  0.04  0.    0.    0.    0.04  0.    0.    0.    0.    0.02  0.    0.    0.
  0.    0.    0.    0.    0.    0.    0.02  0.02  0.04  0.    0.02  0.08
  0.    0.    0.02  0.    0.    0.    0.06  0.    0.    0.    0.    0.
  0.02  0.    0.    0.    0.    0.    0.02  0.    0.02  0.    0.    0.    0.
  0.  ]
[ 0.04  0.02  0.    0.    0.    0.    0.    0.    0.    0.    0.02  0.
  0.02  0.02  0.02  0.    0.02  0.02  0.02  0.02  0.02  0.    0.    0.
  0.06  0.    0.02  0.    0.    0.    0.    0.    0.    0.    0.    0.    0.
  0.    0.    0.28  0.    0.    0.    0.    0.    0.    0.    0.    0.
  0.02  0.02  0.    0.    0.02  0.    0.    0.04  0.    0.    0.    0.04
  0.    0.    0.    0.    0.02  0.    0.    0.1   0.02  0.    0.    0.
  0.02  0.    0.02  0.    0.    0.    0.    0.    0.    0.02  0.    0.    0.
  0.    0.    0.    0.    0.    0.    0.    0.    0.    0.    0.    0.06
  0.    0.  ]
[ 0.02  0.02  0.    0.    0.    0.02  0.    0.    0.    0.    0.    0.
  0.02  0.    0.    0.02  0.    0.02  0.    0.02  0.04  0.02  0.    0.02
  0.    0.    0.    0.    0.    0.    0.02  0.06  0.    0.    0.    0.    0.
  0.    0.    0.    0.17  0.04  0.02  0.02  0.    0.    0.    0.    0.    0.
  0.    0.    0.    0.    0.04  0.02  0.    0.    0.    0.08  0.    0.
  0.04  0.    0.    0.    0.02  0.    0.    0.    0.    0.04  0.    0.    0.
  0.    0.    0.    0.02  0.    0.    0.    0.    0.    0.06  0.04  0.02
  0.04  0.    0.    0.    0.    0.    0.    0.    0.    0.    0.    0.    0.  ]
[ 0.02  0.02  0.    0.    0.    0.04  0.    0.    0.08  0.    0.    0.
  0.02  0.    0.02  0.    0.02  0.    0.    0.02  0.02  0.    0.02  0.    0.
  0.    0.06  0.04  0.    0.    0.    0.    0.    0.    0.    0.    0.    0.
  0.    0.    0.06  0.06  0.04  0.    0.    0.    0.    0.02  0.    0.
  0.04  0.    0.02  0.    0.02  0.02  0.    0.    0.    0.    0.02  0.
  0.02  0.    0.    0.    0.04  0.    0.    0.    0.    0.    0.    0.
  0.02  0.    0.02  0.02  0.02  0.02  0.    0.    0.    0.    0.    0.
  0.04  0.02  0.    0.    0.    0.02  0.    0.02  0.    0.02  0.    0.    0.
  0.04]
[ 0.04  0.02  0.04  0.02  0.    0.02  0.    0.    0.    0.    0.    0.    0.
  0.    0.02  0.    0.06  0.    0.02  0.    0.    0.02  0.04  0.    0.    0.
  0.06  0.    0.    0.    0.    0.    0.    0.04  0.02  0.    0.    0.    0.
  0.    0.    0.06  0.1   0.    0.04  0.    0.    0.04  0.    0.    0.02
  0.    0.    0.    0.04  0.    0.02  0.02  0.    0.    0.02  0.02  0.    0.
  0.    0.02  0.02  0.02  0.    0.    0.    0.    0.    0.    0.    0.02
  0.    0.    0.    0.    0.    0.    0.    0.    0.02  0.02  0.    0.    0.
  0.    0.    0.    0.    0.    0.    0.02  0.    0.02  0.    0.  ]
[ 0.    0.    0.    0.04  0.    0.    0.02  0.02  0.    0.    0.    0.02
  0.    0.    0.    0.    0.    0.    0.    0.04  0.    0.    0.04  0.    0.
  0.    0.    0.    0.    0.    0.    0.    0.    0.    0.    0.    0.06
  0.    0.    0.    0.    0.    0.02  0.47  0.    0.    0.    0.    0.    0.
  0.02  0.    0.    0.    0.    0.    0.    0.    0.    0.    0.02  0.    0.
  0.02  0.    0.    0.    0.    0.    0.    0.02  0.02  0.    0.02  0.    0.
  0.    0.    0.    0.    0.    0.    0.    0.    0.    0.    0.08  0.04
  0.    0.    0.    0.    0.    0.    0.    0.    0.    0.    0.02  0.  ]
[ 0.    0.    0.    0.02  0.    0.    0.    0.    0.04  0.02  0.02  0.
  0.02  0.02  0.02  0.02  0.    0.    0.    0.    0.    0.    0.    0.02
  0.    0.    0.02  0.    0.04  0.02  0.    0.02  0.    0.02  0.    0.    0.
  0.    0.    0.    0.04  0.02  0.02  0.02  0.19  0.    0.    0.    0.    0.
  0.02  0.    0.06  0.02  0.    0.    0.    0.    0.02  0.    0.02  0.    0.
  0.    0.    0.    0.    0.    0.    0.    0.    0.    0.    0.    0.
  0.02  0.    0.    0.02  0.    0.    0.    0.    0.02  0.    0.    0.    0.
  0.02  0.02  0.    0.04  0.02  0.02  0.    0.    0.    0.    0.    0.04]
[ 0.02  0.    0.02  0.    0.    0.    0.02  0.    0.    0.    0.    0.    0.
  0.    0.02  0.    0.04  0.    0.    0.    0.04  0.    0.    0.    0.    0.
  0.04  0.02  0.    0.02  0.    0.    0.    0.    0.04  0.    0.    0.    0.
  0.02  0.06  0.02  0.02  0.02  0.    0.06  0.04  0.02  0.02  0.02  0.    0.
  0.    0.02  0.06  0.02  0.02  0.    0.    0.    0.    0.    0.    0.    0.
  0.    0.    0.    0.02  0.04  0.    0.    0.02  0.    0.02  0.    0.    0.
  0.    0.    0.02  0.    0.    0.04  0.02  0.    0.    0.02  0.    0.
  0.02  0.    0.    0.    0.    0.    0.02  0.    0.    0.  ]
[ 0.    0.02  0.    0.06  0.    0.    0.    0.04  0.    0.    0.    0.04
  0.    0.06  0.    0.    0.04  0.    0.    0.    0.    0.    0.    0.02
  0.02  0.    0.    0.02  0.02  0.02  0.    0.    0.    0.02  0.02  0.02
  0.    0.    0.    0.02  0.    0.    0.    0.02  0.    0.02  0.06  0.04
  0.    0.04  0.    0.    0.06  0.    0.02  0.    0.02  0.    0.    0.
  0.02  0.02  0.    0.    0.02  0.02  0.    0.    0.    0.    0.    0.
  0.02  0.02  0.    0.    0.    0.02  0.02  0.    0.    0.    0.    0.    0.
  0.    0.    0.    0.    0.    0.02  0.    0.02  0.    0.    0.04  0.    0.
  0.    0.02]
[ 0.    0.    0.    0.    0.    0.    0.    0.    0.    0.    0.02  0.06
  0.02  0.    0.    0.04  0.    0.    0.    0.    0.    0.    0.    0.    0.
  0.    0.02  0.04  0.02  0.    0.    0.    0.    0.02  0.04  0.    0.    0.
  0.02  0.    0.    0.02  0.    0.    0.    0.    0.    0.12  0.02  0.02
  0.    0.02  0.02  0.02  0.02  0.    0.    0.02  0.    0.    0.    0.    0.
  0.    0.    0.    0.    0.    0.    0.    0.    0.    0.02  0.    0.    0.
  0.    0.    0.04  0.1   0.    0.    0.02  0.    0.    0.    0.04  0.    0.
  0.02  0.02  0.08  0.    0.    0.02  0.04  0.02  0.    0.    0.  ]
[ 0.04  0.    0.02  0.02  0.    0.    0.    0.    0.    0.02  0.02  0.
  0.02  0.    0.    0.02  0.    0.02  0.    0.    0.    0.    0.    0.    0.
  0.04  0.    0.    0.    0.    0.    0.    0.    0.    0.02  0.    0.02
  0.02  0.06  0.    0.    0.    0.    0.    0.    0.    0.    0.04  0.19
  0.06  0.    0.    0.    0.04  0.02  0.    0.02  0.    0.    0.    0.    0.
  0.    0.    0.    0.    0.    0.    0.02  0.    0.    0.02  0.    0.02
  0.02  0.    0.    0.02  0.    0.    0.02  0.    0.    0.    0.    0.
  0.02  0.02  0.    0.02  0.    0.02  0.    0.    0.02  0.    0.    0.04
  0.    0.  ]
[ 0.    0.    0.    0.    0.    0.    0.    0.02  0.02  0.02  0.02  0.
  0.02  0.02  0.    0.02  0.    0.02  0.    0.    0.    0.    0.    0.
  0.02  0.    0.    0.    0.    0.04  0.    0.    0.    0.02  0.02  0.02
  0.02  0.04  0.04  0.    0.    0.    0.    0.04  0.    0.02  0.    0.
  0.02  0.08  0.02  0.    0.    0.04  0.    0.    0.04  0.    0.    0.    0.
  0.    0.    0.02  0.    0.    0.    0.    0.    0.02  0.    0.02  0.
  0.08  0.02  0.    0.02  0.    0.02  0.    0.02  0.    0.    0.    0.    0.
  0.04  0.    0.    0.04  0.02  0.    0.    0.    0.02  0.02  0.    0.    0.
  0.  ]
[ 0.    0.    0.    0.02  0.    0.    0.    0.    0.04  0.    0.02  0.    0.
  0.    0.    0.    0.    0.    0.    0.    0.    0.    0.    0.    0.02
  0.    0.04  0.1   0.02  0.02  0.    0.    0.    0.    0.02  0.    0.02
  0.    0.    0.    0.    0.    0.06  0.    0.    0.02  0.02  0.04  0.    0.
  0.17  0.02  0.02  0.    0.    0.    0.    0.    0.    0.    0.    0.    0.
  0.    0.    0.    0.    0.    0.    0.    0.    0.    0.04  0.    0.    0.
  0.    0.02  0.    0.04  0.    0.    0.02  0.    0.    0.    0.06  0.02
  0.02  0.    0.    0.    0.    0.    0.    0.02  0.02  0.02  0.02  0.  ]
[ 0.    0.    0.02  0.    0.    0.    0.    0.    0.    0.    0.    0.02
  0.    0.    0.02  0.02  0.    0.02  0.02  0.    0.02  0.    0.08  0.    0.
  0.    0.02  0.    0.02  0.    0.02  0.    0.    0.02  0.    0.04  0.
  0.02  0.    0.02  0.    0.    0.02  0.    0.    0.02  0.    0.    0.    0.
  0.    0.12  0.02  0.    0.02  0.06  0.    0.    0.    0.    0.    0.02
  0.02  0.04  0.    0.02  0.04  0.    0.02  0.    0.    0.    0.    0.    0.
  0.    0.    0.    0.02  0.    0.    0.    0.02  0.04  0.    0.    0.    0.
  0.    0.    0.    0.04  0.    0.    0.    0.    0.04  0.    0.02  0.02]
[ 0.    0.    0.04  0.    0.02  0.    0.    0.02  0.    0.    0.    0.    0.
  0.04  0.    0.04  0.    0.    0.    0.    0.    0.    0.    0.    0.02
  0.04  0.02  0.    0.    0.    0.    0.    0.04  0.02  0.    0.    0.    0.
  0.02  0.02  0.02  0.    0.02  0.    0.02  0.    0.    0.    0.    0.    0.
  0.02  0.14  0.02  0.    0.04  0.02  0.02  0.    0.    0.02  0.    0.    0.
  0.    0.    0.02  0.    0.    0.    0.    0.02  0.    0.    0.    0.
  0.02  0.02  0.04  0.    0.02  0.04  0.    0.    0.02  0.    0.    0.
  0.02  0.    0.    0.04  0.    0.06  0.    0.    0.    0.    0.    0.  ]
[ 0.    0.04  0.    0.    0.    0.    0.02  0.02  0.    0.    0.02  0.
  0.02  0.    0.02  0.    0.    0.    0.    0.08  0.    0.    0.    0.    0.
  0.    0.    0.    0.    0.    0.02  0.    0.    0.    0.    0.    0.04
  0.04  0.02  0.02  0.    0.    0.    0.    0.    0.    0.02  0.    0.04
  0.02  0.02  0.    0.    0.15  0.    0.    0.    0.    0.    0.    0.02
  0.    0.    0.    0.    0.    0.    0.    0.04  0.02  0.    0.    0.    0.
  0.02  0.    0.    0.02  0.02  0.    0.    0.    0.    0.    0.    0.    0.
  0.02  0.    0.04  0.04  0.06  0.02  0.    0.02  0.    0.    0.02  0.    0.  ]
[ 0.02  0.02  0.    0.    0.    0.    0.    0.    0.    0.    0.    0.02
  0.    0.    0.    0.    0.    0.02  0.    0.04  0.    0.    0.    0.    0.
  0.02  0.    0.    0.    0.04  0.    0.    0.02  0.02  0.04  0.02  0.    0.
  0.02  0.02  0.    0.    0.02  0.    0.    0.    0.04  0.    0.    0.06
  0.    0.    0.02  0.06  0.12  0.    0.    0.    0.    0.    0.    0.    0.
  0.    0.02  0.    0.    0.    0.02  0.    0.02  0.02  0.04  0.06  0.    0.
  0.    0.    0.02  0.    0.    0.    0.    0.    0.    0.    0.04  0.02
  0.    0.    0.    0.02  0.02  0.02  0.02  0.    0.    0.02  0.    0.  ]
[ 0.04  0.02  0.    0.    0.02  0.02  0.    0.    0.04  0.02  0.    0.
  0.02  0.    0.08  0.02  0.    0.    0.    0.02  0.06  0.    0.02  0.02
  0.    0.    0.    0.    0.    0.04  0.02  0.    0.    0.    0.    0.    0.
  0.    0.    0.02  0.02  0.02  0.    0.    0.    0.    0.    0.    0.    0.
  0.02  0.    0.    0.    0.    0.06  0.    0.    0.02  0.02  0.02  0.
  0.04  0.02  0.    0.04  0.    0.    0.    0.    0.    0.02  0.02  0.    0.
  0.02  0.02  0.    0.    0.    0.    0.    0.02  0.02  0.02  0.    0.    0.
  0.    0.    0.    0.    0.02  0.02  0.    0.02  0.    0.    0.02  0.02]
[ 0.    0.    0.    0.02  0.    0.    0.    0.02  0.    0.02  0.    0.    0.
  0.02  0.    0.02  0.    0.    0.    0.    0.    0.    0.    0.    0.06
  0.    0.    0.    0.    0.06  0.    0.02  0.06  0.    0.    0.    0.
  0.04  0.02  0.02  0.    0.    0.    0.    0.    0.    0.    0.    0.
  0.02  0.    0.02  0.    0.    0.    0.    0.13  0.    0.    0.    0.    0.
  0.    0.    0.    0.    0.    0.    0.    0.09  0.13  0.    0.    0.    0.
  0.    0.    0.    0.    0.    0.02  0.09  0.    0.    0.    0.    0.    0.
  0.    0.    0.02  0.    0.    0.    0.06  0.02  0.    0.    0.    0.  ]
[ 0.02  0.19  0.04  0.02  0.02  0.02  0.04  0.    0.    0.    0.    0.
  0.06  0.    0.    0.    0.    0.    0.02  0.    0.    0.    0.    0.
  0.02  0.    0.    0.    0.    0.    0.02  0.04  0.02  0.06  0.    0.    0.
  0.    0.    0.    0.04  0.    0.    0.    0.    0.    0.    0.    0.    0.
  0.    0.    0.    0.    0.    0.02  0.02  0.06  0.02  0.02  0.    0.
  0.02  0.    0.02  0.    0.    0.    0.    0.    0.    0.    0.    0.02
  0.    0.    0.    0.    0.    0.    0.02  0.    0.    0.    0.04  0.
  0.02  0.    0.    0.02  0.    0.    0.    0.    0.    0.    0.    0.    0.
  0.04]
[ 0.    0.    0.    0.    0.    0.    0.02  0.02  0.    0.    0.    0.    0.
  0.    0.    0.14  0.    0.    0.    0.    0.    0.    0.    0.    0.    0.
  0.    0.    0.    0.    0.    0.08  0.02  0.    0.02  0.    0.    0.
  0.02  0.    0.06  0.    0.02  0.    0.    0.02  0.02  0.    0.    0.    0.
  0.02  0.    0.    0.02  0.    0.    0.    0.22  0.08  0.    0.    0.    0.
  0.    0.    0.    0.    0.    0.04  0.    0.    0.    0.    0.    0.    0.
  0.    0.    0.    0.08  0.    0.    0.    0.06  0.    0.    0.    0.02
  0.    0.    0.    0.    0.    0.02  0.    0.    0.    0.    0.  ]
[ 0.06  0.08  0.    0.    0.02  0.    0.06  0.    0.02  0.    0.    0.
  0.06  0.02  0.02  0.    0.    0.    0.    0.02  0.    0.02  0.    0.04
  0.    0.    0.    0.    0.    0.02  0.04  0.02  0.    0.    0.    0.    0.
  0.    0.02  0.    0.04  0.    0.    0.    0.    0.    0.    0.    0.    0.
  0.    0.    0.    0.    0.    0.    0.    0.    0.02  0.19  0.    0.
  0.02  0.02  0.02  0.    0.    0.    0.    0.    0.02  0.02  0.    0.    0.
  0.02  0.    0.02  0.    0.    0.    0.    0.    0.    0.04  0.    0.    0.
  0.    0.02  0.    0.    0.    0.    0.    0.    0.    0.    0.    0.  ]
[ 0.02  0.    0.    0.    0.    0.02  0.02  0.04  0.    0.    0.    0.
  0.02  0.    0.    0.04  0.04  0.    0.    0.    0.    0.    0.    0.    0.
  0.    0.    0.    0.    0.02  0.    0.    0.    0.    0.    0.    0.
  0.02  0.    0.08  0.02  0.    0.    0.    0.    0.04  0.    0.    0.    0.
  0.    0.    0.    0.    0.    0.02  0.    0.    0.    0.    0.33  0.    0.
  0.    0.02  0.02  0.    0.    0.    0.04  0.02  0.    0.    0.    0.    0.
  0.    0.    0.    0.    0.    0.    0.    0.02  0.    0.    0.    0.    0.
  0.    0.    0.    0.    0.    0.    0.    0.02  0.04  0.02  0.04]
[ 0.    0.02  0.    0.    0.    0.06  0.    0.    0.02  0.    0.04  0.    0.
  0.    0.    0.06  0.    0.    0.    0.    0.    0.    0.04  0.    0.    0.
  0.    0.    0.02  0.    0.    0.    0.    0.    0.    0.    0.    0.04
  0.    0.    0.    0.    0.02  0.    0.    0.    0.    0.02  0.02  0.
  0.02  0.02  0.    0.    0.    0.    0.    0.    0.    0.    0.    0.26
  0.02  0.    0.    0.    0.04  0.04  0.    0.    0.    0.02  0.02  0.    0.
  0.    0.    0.02  0.    0.02  0.    0.02  0.04  0.    0.    0.02  0.    0.
  0.    0.02  0.    0.    0.    0.    0.    0.    0.04  0.    0.    0.02]
[ 0.02  0.04  0.    0.    0.04  0.04  0.04  0.    0.    0.    0.    0.02
  0.    0.    0.    0.    0.06  0.04  0.02  0.04  0.02  0.02  0.    0.02
  0.    0.    0.02  0.    0.    0.    0.04  0.02  0.    0.    0.02  0.    0.
  0.    0.    0.02  0.04  0.    0.    0.    0.    0.06  0.    0.    0.    0.
  0.    0.    0.    0.    0.    0.    0.    0.    0.    0.    0.02  0.02
  0.1   0.    0.02  0.04  0.    0.04  0.    0.    0.    0.04  0.    0.    0.
  0.    0.    0.    0.    0.    0.    0.    0.02  0.02  0.    0.02  0.    0.
  0.    0.    0.02  0.    0.    0.    0.    0.    0.    0.    0.    0.  ]
[ 0.02  0.    0.02  0.    0.    0.02  0.    0.    0.    0.    0.    0.    0.
  0.    0.02  0.    0.02  0.04  0.    0.    0.04  0.04  0.    0.04  0.    0.
  0.    0.02  0.    0.    0.    0.    0.02  0.    0.    0.02  0.    0.    0.
  0.02  0.    0.    0.    0.    0.    0.    0.04  0.    0.    0.    0.
  0.02  0.    0.    0.    0.02  0.    0.    0.    0.    0.02  0.02  0.04
  0.12  0.04  0.02  0.04  0.04  0.    0.    0.    0.    0.    0.04  0.02
  0.    0.02  0.    0.    0.    0.    0.    0.    0.    0.    0.    0.    0.
  0.    0.06  0.    0.    0.    0.    0.    0.    0.04  0.    0.04  0.02]
[ 0.    0.02  0.06  0.12  0.02  0.    0.    0.    0.    0.    0.    0.08
  0.    0.    0.    0.    0.    0.    0.06  0.    0.    0.02  0.    0.    0.
  0.    0.02  0.    0.    0.    0.    0.    0.    0.    0.    0.04  0.    0.
  0.    0.    0.    0.    0.    0.    0.02  0.04  0.02  0.    0.    0.    0.
  0.    0.    0.    0.    0.    0.    0.    0.    0.    0.08  0.    0.
  0.06  0.1   0.02  0.    0.1   0.    0.    0.    0.    0.    0.    0.    0.
  0.    0.    0.    0.    0.02  0.    0.    0.    0.    0.06  0.    0.    0.
  0.    0.    0.    0.    0.    0.    0.    0.    0.    0.    0.02]
[ 0.04  0.    0.04  0.    0.    0.02  0.    0.    0.    0.    0.    0.    0.
  0.    0.02  0.    0.    0.04  0.04  0.02  0.    0.06  0.    0.02  0.    0.
  0.    0.    0.    0.    0.    0.    0.    0.    0.    0.    0.04  0.
  0.02  0.    0.04  0.    0.02  0.    0.    0.    0.02  0.    0.    0.    0.
  0.    0.    0.    0.    0.04  0.    0.02  0.    0.    0.    0.    0.06
  0.08  0.    0.1   0.08  0.02  0.    0.02  0.    0.    0.    0.    0.    0.
  0.    0.    0.    0.    0.    0.    0.02  0.06  0.    0.02  0.    0.02
  0.    0.02  0.    0.    0.    0.    0.    0.    0.    0.    0.    0.  ]
[ 0.    0.    0.    0.    0.    0.04  0.    0.    0.02  0.    0.    0.02
  0.    0.    0.    0.    0.    0.    0.    0.02  0.04  0.    0.04  0.    0.
  0.    0.06  0.    0.    0.    0.    0.    0.    0.    0.    0.    0.    0.
  0.    0.    0.    0.    0.02  0.    0.    0.    0.    0.    0.    0.    0.
  0.04  0.    0.    0.    0.    0.    0.    0.    0.    0.    0.    0.04
  0.02  0.    0.02  0.38  0.02  0.02  0.    0.    0.02  0.    0.    0.    0.
  0.    0.    0.    0.    0.    0.    0.    0.    0.    0.02  0.    0.    0.
  0.02  0.    0.    0.    0.    0.    0.    0.12  0.02  0.    0.  ]
[ 0.    0.    0.02  0.02  0.02  0.02  0.    0.    0.    0.    0.    0.    0.
  0.    0.06  0.    0.04  0.    0.    0.    0.    0.    0.1   0.    0.    0.
  0.    0.    0.    0.    0.02  0.    0.    0.    0.    0.    0.    0.    0.
  0.    0.    0.    0.04  0.    0.02  0.02  0.    0.    0.    0.    0.
  0.02  0.    0.    0.    0.02  0.02  0.    0.    0.    0.    0.02  0.02
  0.02  0.04  0.06  0.    0.17  0.    0.    0.    0.    0.    0.04  0.    0.
  0.    0.02  0.    0.    0.    0.    0.    0.04  0.    0.08  0.    0.    0.
  0.    0.    0.    0.    0.    0.    0.    0.    0.    0.    0.02]
[ 0.    0.    0.    0.    0.    0.    0.    0.04  0.    0.04  0.02  0.    0.
  0.    0.    0.    0.    0.    0.    0.    0.    0.02  0.    0.    0.    0.
  0.    0.    0.04  0.04  0.    0.    0.04  0.    0.    0.    0.02  0.04
  0.    0.06  0.    0.    0.    0.    0.    0.    0.    0.02  0.02  0.06
  0.    0.    0.    0.04  0.    0.    0.06  0.    0.    0.    0.    0.    0.
  0.    0.    0.    0.    0.    0.06  0.    0.02  0.02  0.    0.04  0.04
  0.    0.02  0.    0.    0.02  0.02  0.02  0.    0.    0.    0.    0.
  0.02  0.    0.04  0.02  0.    0.    0.    0.    0.02  0.02  0.    0.    0.  ]
[ 0.04  0.02  0.02  0.    0.    0.    0.    0.06  0.    0.    0.    0.    0.
  0.02  0.    0.04  0.    0.    0.    0.    0.    0.    0.    0.    0.06
  0.02  0.    0.    0.    0.    0.02  0.    0.08  0.02  0.02  0.02  0.    0.
  0.02  0.08  0.    0.    0.    0.    0.    0.    0.    0.04  0.    0.    0.
  0.    0.    0.    0.    0.    0.02  0.    0.02  0.    0.04  0.    0.    0.
  0.    0.    0.    0.    0.02  0.2   0.02  0.    0.    0.    0.    0.    0.
  0.    0.    0.02  0.    0.    0.    0.    0.    0.    0.    0.    0.    0.
  0.    0.02  0.    0.    0.02  0.    0.    0.02  0.    0.02]
[ 0.    0.02  0.    0.    0.    0.    0.02  0.06  0.    0.    0.    0.06
  0.    0.    0.    0.02  0.    0.    0.04  0.    0.    0.    0.    0.
  0.06  0.    0.    0.    0.02  0.02  0.    0.06  0.06  0.04  0.    0.    0.
  0.    0.    0.02  0.04  0.    0.    0.    0.    0.    0.02  0.    0.    0.
  0.    0.    0.    0.    0.    0.    0.    0.02  0.02  0.    0.04  0.    0.
  0.    0.    0.    0.    0.    0.04  0.06  0.18  0.    0.    0.    0.    0.
  0.    0.    0.    0.    0.02  0.02  0.    0.    0.    0.    0.    0.    0.
  0.    0.    0.    0.    0.    0.02  0.    0.    0.02  0.    0.  ]
[ 0.    0.    0.    0.    0.02  0.    0.    0.    0.    0.02  0.    0.09
  0.02  0.    0.    0.02  0.    0.06  0.    0.06  0.06  0.02  0.    0.    0.
  0.    0.02  0.    0.    0.    0.    0.04  0.    0.    0.    0.    0.04
  0.    0.    0.    0.02  0.    0.02  0.    0.    0.02  0.    0.    0.
  0.04  0.    0.    0.    0.02  0.    0.    0.    0.    0.02  0.    0.    0.
  0.    0.02  0.    0.02  0.    0.02  0.    0.    0.    0.09  0.02  0.    0.
  0.02  0.    0.    0.02  0.    0.    0.    0.    0.    0.02  0.    0.02
  0.04  0.    0.    0.02  0.    0.02  0.    0.    0.    0.    0.02  0.    0.  ]
[ 0.02  0.    0.02  0.    0.02  0.02  0.    0.02  0.04  0.    0.02  0.02
  0.02  0.    0.02  0.    0.    0.04  0.    0.    0.    0.    0.    0.    0.
  0.    0.    0.    0.    0.    0.    0.    0.    0.    0.    0.04  0.    0.
  0.    0.02  0.    0.    0.    0.02  0.    0.    0.    0.    0.    0.02
  0.06  0.    0.02  0.    0.    0.02  0.    0.    0.    0.    0.    0.    0.
  0.    0.    0.02  0.    0.    0.02  0.02  0.    0.    0.06  0.    0.04
  0.    0.04  0.02  0.    0.    0.    0.    0.02  0.02  0.    0.    0.02
  0.    0.    0.02  0.06  0.    0.    0.04  0.    0.    0.02  0.06  0.    0.  ]
[ 0.02  0.    0.08  0.    0.02  0.    0.    0.    0.    0.02  0.    0.    0.
  0.    0.02  0.    0.    0.    0.04  0.02  0.    0.    0.    0.    0.    0.
  0.    0.    0.    0.    0.    0.    0.    0.04  0.    0.02  0.    0.02
  0.08  0.    0.    0.    0.    0.    0.    0.02  0.02  0.    0.04  0.02
  0.    0.    0.    0.    0.02  0.    0.    0.02  0.02  0.    0.    0.    0.
  0.02  0.    0.02  0.    0.    0.    0.    0.    0.    0.04  0.18  0.02
  0.    0.02  0.    0.    0.    0.    0.    0.    0.02  0.    0.    0.    0.
  0.    0.02  0.    0.    0.02  0.    0.    0.02  0.    0.04  0.02  0.  ]
[ 0.02  0.    0.02  0.    0.    0.    0.    0.02  0.    0.    0.02  0.
  0.04  0.    0.    0.    0.    0.    0.    0.    0.    0.    0.    0.02
  0.    0.    0.02  0.02  0.    0.02  0.    0.02  0.    0.02  0.    0.02
  0.04  0.02  0.02  0.    0.    0.    0.    0.    0.02  0.    0.    0.
  0.02  0.02  0.    0.    0.    0.    0.04  0.02  0.    0.02  0.    0.
  0.02  0.    0.02  0.02  0.    0.02  0.    0.    0.    0.    0.02  0.02
  0.02  0.06  0.04  0.    0.    0.    0.    0.    0.    0.02  0.    0.04
  0.02  0.    0.    0.04  0.02  0.02  0.    0.    0.    0.02  0.    0.02
  0.02  0.02  0.    0.  ]
[ 0.    0.    0.    0.04  0.    0.02  0.    0.02  0.    0.    0.    0.    0.
  0.    0.06  0.02  0.04  0.    0.    0.    0.    0.    0.    0.    0.04
  0.    0.    0.    0.    0.02  0.    0.04  0.    0.04  0.    0.02  0.02
  0.    0.    0.    0.    0.    0.02  0.    0.    0.    0.    0.    0.    0.
  0.    0.    0.02  0.    0.    0.    0.02  0.02  0.    0.    0.    0.    0.
  0.    0.    0.    0.    0.    0.    0.04  0.06  0.    0.    0.    0.
  0.18  0.    0.    0.    0.    0.04  0.02  0.    0.    0.    0.    0.    0.
  0.04  0.    0.04  0.02  0.06  0.02  0.    0.    0.    0.    0.    0.  ]
[ 0.    0.    0.    0.    0.    0.02  0.    0.    0.04  0.02  0.02  0.    0.
  0.    0.    0.    0.    0.02  0.    0.02  0.    0.    0.    0.    0.
  0.04  0.02  0.    0.02  0.04  0.    0.    0.02  0.    0.02  0.    0.02
  0.08  0.02  0.02  0.    0.    0.    0.    0.    0.02  0.    0.    0.02
  0.02  0.    0.    0.04  0.02  0.    0.    0.04  0.    0.    0.    0.
  0.04  0.    0.    0.    0.    0.02  0.    0.04  0.04  0.    0.    0.02
  0.    0.    0.    0.02  0.    0.    0.02  0.    0.04  0.    0.    0.    0.
  0.    0.    0.04  0.    0.02  0.    0.    0.04  0.04  0.    0.    0.    0.
  0.  ]
[ 0.    0.02  0.    0.    0.    0.02  0.    0.    0.    0.04  0.    0.
  0.02  0.04  0.02  0.02  0.    0.    0.    0.02  0.02  0.    0.04  0.
  0.04  0.02  0.04  0.02  0.02  0.    0.    0.    0.    0.02  0.    0.    0.
  0.04  0.    0.    0.    0.02  0.    0.    0.    0.    0.    0.04  0.    0.
  0.02  0.    0.    0.08  0.    0.    0.    0.    0.    0.    0.    0.    0.
  0.04  0.    0.    0.04  0.    0.    0.    0.    0.    0.04  0.02  0.    0.
  0.    0.06  0.    0.    0.    0.02  0.02  0.02  0.    0.    0.    0.02
  0.    0.02  0.    0.06  0.    0.    0.02  0.    0.    0.    0.    0.  ]
[ 0.    0.    0.    0.04  0.    0.    0.    0.02  0.04  0.02  0.02  0.    0.
  0.    0.    0.    0.    0.    0.    0.    0.    0.02  0.    0.    0.
  0.02  0.    0.02  0.02  0.    0.    0.    0.    0.    0.    0.    0.04
  0.    0.    0.    0.    0.    0.    0.    0.    0.02  0.    0.04  0.    0.
  0.08  0.    0.    0.    0.06  0.    0.02  0.02  0.    0.    0.    0.    0.
  0.    0.    0.    0.    0.    0.    0.    0.    0.    0.02  0.    0.02
  0.    0.    0.02  0.16  0.08  0.    0.    0.    0.    0.02  0.    0.04
  0.    0.    0.    0.    0.    0.02  0.    0.04  0.    0.04  0.    0.04
  0.  ]
[ 0.    0.    0.    0.    0.    0.    0.    0.    0.02  0.    0.06  0.    0.
  0.    0.    0.    0.    0.02  0.    0.    0.    0.    0.    0.    0.    0.
  0.02  0.08  0.06  0.02  0.    0.    0.    0.    0.    0.    0.    0.    0.
  0.    0.    0.    0.    0.    0.02  0.    0.02  0.02  0.    0.    0.04
  0.02  0.02  0.    0.    0.    0.    0.    0.    0.    0.    0.    0.    0.
  0.    0.    0.    0.    0.    0.    0.    0.    0.02  0.    0.    0.
  0.06  0.02  0.06  0.3   0.    0.04  0.    0.    0.    0.    0.    0.02
  0.    0.    0.02  0.02  0.    0.    0.    0.    0.02  0.    0.    0.  ]
[ 0.04  0.02  0.    0.    0.    0.    0.    0.08  0.    0.    0.    0.02
  0.    0.02  0.    0.04  0.    0.    0.04  0.    0.    0.    0.    0.
  0.02  0.    0.    0.02  0.    0.02  0.02  0.1   0.02  0.    0.    0.    0.
  0.    0.02  0.    0.02  0.    0.    0.    0.    0.04  0.02  0.    0.    0.
  0.    0.    0.    0.02  0.    0.    0.02  0.    0.    0.    0.    0.    0.
  0.    0.    0.    0.    0.02  0.04  0.    0.02  0.02  0.    0.04  0.    0.
  0.    0.    0.    0.    0.22  0.    0.    0.    0.    0.    0.    0.    0.
  0.    0.    0.    0.    0.    0.02  0.    0.    0.    0.    0.  ]
[ 0.    0.02  0.    0.04  0.    0.    0.    0.06  0.    0.    0.    0.    0.
  0.08  0.    0.02  0.    0.    0.    0.    0.    0.    0.    0.    0.
  0.04  0.    0.    0.    0.06  0.    0.    0.04  0.    0.04  0.    0.
  0.04  0.    0.    0.    0.    0.    0.    0.    0.    0.    0.    0.
  0.04  0.    0.    0.02  0.    0.    0.    0.08  0.02  0.    0.    0.
  0.02  0.    0.    0.    0.    0.    0.    0.04  0.02  0.06  0.    0.    0.
  0.    0.    0.    0.    0.    0.02  0.02  0.15  0.    0.    0.    0.    0.
  0.    0.    0.    0.    0.    0.    0.    0.02  0.    0.02  0.    0.    0.  ]
[ 0.    0.    0.02  0.    0.    0.02  0.    0.    0.    0.    0.    0.02
  0.    0.    0.02  0.    0.04  0.    0.    0.02  0.02  0.06  0.04  0.02
  0.    0.    0.    0.    0.02  0.    0.02  0.02  0.    0.    0.    0.    0.
  0.    0.    0.    0.    0.02  0.02  0.04  0.    0.02  0.    0.    0.    0.
  0.04  0.04  0.04  0.    0.    0.    0.    0.    0.    0.    0.02  0.04
  0.    0.    0.    0.    0.04  0.08  0.    0.    0.    0.    0.    0.
  0.02  0.    0.    0.    0.    0.    0.    0.    0.08  0.02  0.    0.04
  0.02  0.    0.    0.    0.    0.    0.    0.    0.    0.02  0.    0.02
  0.    0.04]
[ 0.    0.04  0.04  0.    0.    0.02  0.02  0.    0.    0.    0.    0.
  0.02  0.    0.    0.    0.04  0.    0.    0.02  0.    0.04  0.    0.    0.
  0.    0.    0.    0.    0.    0.    0.    0.    0.    0.    0.15  0.02
  0.    0.    0.    0.    0.02  0.    0.    0.    0.    0.02  0.    0.
  0.02  0.02  0.    0.    0.    0.    0.02  0.    0.    0.    0.    0.    0.
  0.    0.02  0.02  0.09  0.    0.    0.    0.    0.04  0.    0.    0.02
  0.    0.    0.    0.    0.    0.    0.    0.    0.02  0.17  0.    0.    0.
  0.    0.    0.02  0.    0.    0.    0.    0.    0.02  0.02  0.    0.    0.  ]
[ 0.08  0.02  0.04  0.    0.04  0.    0.02  0.    0.    0.02  0.    0.
  0.06  0.    0.    0.    0.    0.    0.    0.04  0.02  0.    0.02  0.    0.
  0.    0.02  0.    0.    0.    0.02  0.04  0.    0.    0.    0.    0.    0.
  0.02  0.    0.06  0.    0.    0.    0.    0.    0.    0.    0.    0.    0.
  0.    0.02  0.    0.    0.04  0.    0.04  0.1   0.1   0.    0.    0.    0.
  0.    0.    0.    0.    0.    0.02  0.    0.02  0.02  0.    0.    0.    0.
  0.    0.    0.    0.    0.    0.    0.    0.04  0.    0.    0.02  0.02
  0.    0.    0.    0.    0.02  0.    0.    0.    0.    0.    0.  ]
[ 0.    0.    0.    0.02  0.02  0.    0.04  0.    0.    0.    0.    0.    0.
  0.    0.    0.    0.02  0.    0.06  0.    0.04  0.02  0.    0.    0.    0.
  0.    0.    0.    0.    0.    0.02  0.    0.    0.    0.02  0.    0.    0.
  0.    0.04  0.    0.02  0.    0.    0.    0.    0.    0.    0.    0.
  0.02  0.    0.    0.    0.    0.    0.    0.04  0.    0.    0.04  0.02
  0.    0.    0.    0.08  0.06  0.    0.    0.    0.    0.    0.    0.    0.
  0.    0.    0.    0.    0.    0.    0.04  0.    0.    0.29  0.    0.    0.
  0.    0.    0.    0.    0.    0.    0.    0.02  0.    0.    0.04]
[ 0.    0.    0.02  0.    0.    0.    0.    0.    0.02  0.    0.    0.04
  0.    0.    0.    0.    0.    0.    0.    0.    0.    0.    0.    0.    0.
  0.    0.    0.04  0.    0.    0.02  0.    0.    0.    0.    0.    0.08
  0.    0.    0.    0.    0.02  0.    0.1   0.    0.02  0.02  0.    0.    0.
  0.02  0.    0.    0.    0.04  0.    0.    0.    0.    0.02  0.    0.
  0.02  0.    0.    0.    0.    0.    0.    0.    0.    0.02  0.    0.02
  0.02  0.    0.    0.02  0.02  0.02  0.    0.    0.02  0.    0.    0.
  0.36  0.    0.    0.    0.    0.    0.    0.    0.    0.    0.    0.    0.
  0.02]
[ 0.    0.02  0.    0.    0.    0.02  0.    0.    0.02  0.    0.04  0.04
  0.02  0.    0.02  0.    0.02  0.    0.    0.06  0.    0.    0.    0.    0.
  0.02  0.02  0.    0.    0.    0.    0.    0.    0.    0.    0.    0.    0.
  0.    0.    0.    0.02  0.02  0.02  0.02  0.    0.    0.    0.    0.    0.
  0.    0.02  0.04  0.    0.    0.    0.02  0.04  0.    0.    0.    0.02
  0.    0.    0.    0.    0.    0.    0.02  0.    0.    0.    0.    0.04
  0.    0.    0.    0.02  0.02  0.    0.    0.    0.    0.02  0.02  0.
  0.22  0.02  0.04  0.    0.02  0.    0.02  0.    0.    0.    0.    0.    0.  ]
[ 0.    0.    0.02  0.    0.    0.02  0.    0.    0.04  0.02  0.04  0.    0.
  0.    0.02  0.02  0.    0.    0.    0.02  0.    0.    0.    0.    0.    0.
  0.02  0.    0.    0.    0.    0.    0.    0.02  0.02  0.02  0.02  0.02
  0.    0.    0.    0.    0.02  0.    0.    0.04  0.02  0.    0.    0.04
  0.    0.    0.02  0.02  0.    0.02  0.    0.    0.    0.    0.    0.02
  0.    0.    0.    0.    0.    0.    0.06  0.    0.    0.    0.    0.02
  0.02  0.    0.    0.    0.    0.    0.    0.02  0.    0.02  0.    0.    0.
  0.02  0.14  0.    0.    0.02  0.04  0.04  0.04  0.    0.02  0.    0.    0.  ]
[ 0.04  0.    0.    0.02  0.    0.    0.    0.    0.    0.    0.02  0.
  0.04  0.    0.04  0.    0.02  0.04  0.    0.    0.    0.    0.    0.    0.
  0.02  0.02  0.    0.02  0.02  0.    0.    0.    0.    0.    0.02  0.    0.
  0.    0.02  0.02  0.    0.    0.02  0.    0.    0.02  0.    0.    0.02
  0.    0.    0.    0.06  0.    0.02  0.    0.    0.    0.    0.    0.02
  0.    0.    0.    0.    0.    0.    0.02  0.    0.    0.    0.04  0.06
  0.02  0.02  0.04  0.    0.    0.02  0.    0.    0.    0.02  0.02  0.
  0.02  0.02  0.02  0.06  0.04  0.    0.02  0.    0.    0.02  0.    0.    0.
  0.  ]
[ 0.02  0.    0.    0.    0.    0.    0.    0.02  0.    0.    0.    0.    0.
  0.    0.    0.02  0.02  0.02  0.    0.    0.    0.    0.    0.    0.1   0.
  0.    0.    0.    0.02  0.    0.    0.02  0.    0.    0.02  0.    0.02
  0.    0.02  0.    0.    0.    0.    0.    0.    0.    0.    0.02  0.04
  0.    0.    0.    0.1   0.02  0.    0.    0.    0.    0.    0.02  0.02
  0.    0.    0.    0.    0.    0.    0.02  0.06  0.04  0.    0.04  0.02
  0.    0.02  0.02  0.    0.    0.    0.04  0.    0.    0.    0.    0.    0.
  0.    0.    0.06  0.1   0.    0.    0.    0.02  0.    0.    0.04  0.    0.  ]
[ 0.    0.    0.    0.    0.    0.    0.    0.    0.    0.04  0.    0.02
  0.    0.02  0.    0.    0.    0.02  0.    0.    0.    0.    0.    0.    0.
  0.06  0.    0.04  0.02  0.    0.    0.    0.    0.    0.02  0.    0.02
  0.    0.    0.04  0.    0.    0.    0.    0.02  0.    0.    0.    0.    0.
  0.02  0.    0.06  0.04  0.02  0.02  0.    0.    0.02  0.02  0.02  0.02
  0.    0.    0.02  0.    0.    0.02  0.02  0.02  0.02  0.    0.06  0.02
  0.    0.02  0.02  0.02  0.02  0.    0.02  0.    0.    0.    0.    0.    0.
  0.02  0.04  0.    0.04  0.04  0.    0.    0.    0.    0.    0.    0.02
  0.  ]
[ 0.02  0.    0.02  0.    0.    0.02  0.    0.    0.02  0.04  0.    0.
  0.04  0.06  0.02  0.    0.    0.    0.    0.04  0.    0.    0.    0.    0.
  0.    0.    0.02  0.    0.04  0.    0.    0.02  0.    0.    0.    0.    0.
  0.02  0.06  0.    0.    0.    0.    0.06  0.    0.    0.02  0.    0.    0.
  0.    0.08  0.    0.02  0.02  0.    0.02  0.    0.    0.    0.02  0.    0.
  0.    0.    0.    0.    0.02  0.02  0.    0.    0.02  0.02  0.    0.    0.
  0.    0.    0.    0.    0.    0.    0.    0.    0.    0.    0.02  0.04
  0.    0.02  0.04  0.08  0.    0.02  0.    0.    0.02  0.    0.  ]
[ 0.    0.    0.04  0.    0.02  0.    0.02  0.    0.02  0.04  0.    0.    0.
  0.06  0.    0.02  0.    0.    0.    0.02  0.    0.    0.    0.    0.02
  0.    0.    0.    0.02  0.02  0.    0.    0.    0.    0.    0.    0.    0.
  0.02  0.02  0.    0.    0.    0.    0.04  0.    0.    0.    0.02  0.    0.
  0.    0.02  0.06  0.04  0.    0.    0.    0.02  0.    0.02  0.02  0.    0.
  0.    0.02  0.    0.02  0.    0.    0.    0.02  0.    0.    0.02  0.
  0.02  0.    0.    0.    0.    0.02  0.    0.    0.    0.02  0.    0.02
  0.    0.    0.04  0.04  0.06  0.04  0.    0.    0.    0.04  0.    0.  ]
[ 0.    0.    0.02  0.    0.    0.    0.    0.08  0.    0.02  0.06  0.    0.
  0.    0.    0.02  0.    0.    0.    0.02  0.    0.    0.    0.    0.    0.
  0.02  0.08  0.    0.    0.    0.    0.02  0.    0.    0.    0.04  0.02
  0.02  0.02  0.    0.    0.    0.    0.    0.    0.    0.02  0.    0.02
  0.    0.    0.02  0.    0.    0.    0.08  0.    0.    0.    0.    0.    0.
  0.    0.    0.    0.    0.    0.02  0.    0.    0.    0.02  0.    0.    0.
  0.    0.02  0.06  0.04  0.    0.02  0.    0.    0.    0.    0.    0.
  0.02  0.    0.04  0.    0.    0.02  0.12  0.    0.    0.02  0.    0.  ]
[ 0.    0.    0.    0.02  0.    0.    0.    0.    0.02  0.    0.    0.04
  0.    0.    0.06  0.02  0.    0.    0.02  0.    0.    0.    0.02  0.    0.
  0.    0.02  0.02  0.    0.04  0.04  0.    0.    0.    0.04  0.02  0.
  0.02  0.02  0.02  0.02  0.    0.    0.    0.02  0.    0.04  0.02  0.02
  0.    0.    0.    0.    0.    0.    0.    0.04  0.    0.    0.    0.
  0.02  0.    0.    0.02  0.    0.02  0.04  0.02  0.    0.    0.    0.    0.
  0.    0.    0.    0.02  0.02  0.    0.    0.    0.04  0.    0.    0.
  0.02  0.    0.    0.02  0.    0.    0.    0.    0.    0.11  0.    0.    0.
  0.  ]
[ 0.    0.    0.    0.    0.    0.02  0.    0.02  0.    0.    0.    0.    0.
  0.02  0.02  0.02  0.04  0.02  0.    0.02  0.02  0.    0.02  0.    0.    0.
  0.    0.04  0.02  0.02  0.    0.    0.    0.    0.    0.    0.02  0.02
  0.    0.    0.    0.    0.    0.    0.    0.    0.02  0.02  0.    0.04
  0.02  0.04  0.    0.    0.    0.    0.    0.    0.    0.    0.02  0.02
  0.    0.    0.    0.    0.04  0.02  0.02  0.    0.    0.    0.02  0.    0.
  0.    0.02  0.02  0.02  0.    0.    0.02  0.02  0.04  0.    0.    0.    0.
  0.    0.    0.02  0.    0.    0.    0.02  0.02  0.13  0.    0.    0.  ]
[ 0.02  0.    0.02  0.    0.    0.04  0.02  0.    0.    0.    0.    0.
  0.02  0.02  0.    0.    0.02  0.02  0.04  0.02  0.04  0.    0.02  0.08
  0.02  0.02  0.    0.    0.    0.02  0.    0.    0.    0.    0.    0.02
  0.    0.    0.    0.06  0.    0.    0.    0.    0.    0.    0.    0.    0.
  0.    0.    0.    0.    0.    0.    0.    0.    0.    0.    0.04  0.02
  0.    0.    0.08  0.02  0.    0.    0.    0.    0.02  0.    0.    0.
  0.02  0.04  0.    0.    0.    0.    0.    0.02  0.    0.    0.    0.04
  0.    0.    0.    0.    0.    0.    0.    0.    0.02  0.    0.    0.02
  0.08  0.02  0.02]
[ 0.    0.    0.02  0.    0.    0.    0.    0.02  0.    0.    0.    0.02
  0.02  0.    0.02  0.    0.    0.02  0.    0.04  0.04  0.04  0.04  0.06
  0.    0.    0.    0.    0.    0.    0.    0.    0.    0.02  0.02  0.02
  0.    0.    0.    0.    0.    0.    0.    0.    0.    0.    0.    0.
  0.02  0.    0.    0.1   0.02  0.    0.    0.    0.02  0.    0.    0.    0.
  0.06  0.1   0.02  0.    0.    0.    0.    0.    0.    0.    0.    0.    0.
  0.    0.    0.02  0.    0.    0.    0.    0.    0.    0.06  0.    0.    0.
  0.    0.04  0.    0.    0.    0.    0.    0.    0.    0.02  0.    0.1
  0.02]
[ 0.    0.02  0.    0.04  0.04  0.02  0.    0.    0.    0.02  0.    0.04
  0.    0.    0.04  0.02  0.    0.    0.    0.    0.02  0.    0.04  0.    0.
  0.    0.    0.    0.    0.    0.02  0.    0.    0.    0.02  0.    0.    0.
  0.    0.    0.    0.    0.06  0.02  0.04  0.02  0.    0.    0.    0.    0.
  0.06  0.    0.    0.    0.02  0.    0.    0.    0.    0.    0.02  0.    0.
  0.    0.    0.02  0.02  0.    0.    0.    0.    0.    0.    0.    0.04
  0.    0.    0.    0.    0.    0.    0.    0.02  0.    0.    0.02  0.    0.
  0.    0.    0.    0.    0.    0.    0.    0.02  0.04  0.06  0.16]
